2.12481	0.02159
4.42781	0.02251
6.73082	0.02989
6.73082	0.02436
9.03382	0.02989
9.03382	0.02436
11.33682	0.02989
10.76107	0.02436
13.63982	0.03357
16.13474	0.03788
15.36708	0.03173
18.24583	0.04464
18.24583	0.03818
20.74075	0.05201
19.97308	0.04464
22.85184	0.05570
22.27608	0.05017
24.00334	0.06307
25.34676	0.07044
25.15484	0.05938
27.64976	0.07782
26.88209	0.07044
26.88209	0.06491
28.60934	0.08888
29.95276	0.08212
31.10426	0.09318
32.25576	0.11100
32.06385	0.10178
34.55877	0.12575
34.36685	0.11653
33.79110	0.11100
36.66985	0.15155
36.66985	0.14418
36.66985	0.13681
36.09410	0.12943
39.16477	0.16630
38.97286	0.15708
38.39710	0.15155
38.39710	0.14418
38.39710	0.13865
40.31627	0.17736
42.42736	0.19948
42.42736	0.19211
42.42736	0.18566
41.85161	0.17736
43.77078	0.22160
43.57886	0.21239
43.57886	0.20594
45.88186	0.22529
45.30611	0.21792
45.30611	0.21054
47.22528	0.24741
47.03337	0.23819
46.45761	0.23266
48.37678	0.26585
48.18487	0.25663
50.48787	0.28059
50.48787	0.27414
49.91212	0.26585
49.91212	0.25847
51.63937	0.29534
51.63937	0.28797
54.13429	0.31746
53.94237	0.30825
53.94237	0.30179
53.36662	0.29534
53.36662	0.28797
56.24538	0.32484
56.24538	0.31838
57.39688	0.33958
57.39688	0.33221
58.74030	0.35433
58.54838	0.34511
59.69988	0.33958
60.85138	0.36170
60.85138	0.35525
60.27563	0.34696
62.19480	0.36908
63.15438	0.38014
62.57863	0.35986
64.30589	0.37276
63.73014	0.36723
65.64930	0.38751
64.88164	0.38014
67.95231	0.39181
67.18464	0.38567
70.06339	0.39673
72.36640	0.40226
72.36640	0.39581
74.66940	0.39673
74.66940	0.38936
76.97240	0.38936
76.97240	0.38198
76.39665	0.37830
78.31582	0.37276
78.12390	0.36355
79.85116	0.37645
79.85116	0.36908
79.85116	0.36170
80.42691	0.35433
80.42691	0.34696
81.57841	0.33958
81.57841	0.33221
81.57841	0.32484
81.57841	0.31838
83.30566	0.33590
83.30566	0.32852
83.30566	0.32115
83.88141	0.31193
83.88141	0.30456
83.88141	0.29718
83.88141	0.28981
83.88141	0.28244
83.88141	0.27506
85.22483	0.26585
85.03291	0.25663
86.76016	0.26953
86.76016	0.26216
86.76016	0.25479
87.33591	0.24741
87.33591	0.24004
87.33591	0.23266
87.33591	0.22529
87.33591	0.21792
87.33591	0.21147
88.67933	0.20317
88.48742	0.19395
88.48742	0.18658
88.48742	0.17921
88.48742	0.17183
88.48742	0.16446
90.21467	0.20317
90.21467	0.19580
90.21467	0.18842
90.21467	0.18105
90.21467	0.17368
90.21467	0.16630
90.79042	0.15893
90.79042	0.15155
90.79042	0.14418
91.94192	0.13681
91.94192	0.12943
91.94192	0.12206
91.94192	0.11469
91.94192	0.10731
93.09342	0.09994
93.09342	0.09256
93.09342	0.08519
93.09342	0.07782
94.24492	0.07137
94.82067	0.09994
94.82067	0.09256
94.82067	0.08519
94.82067	0.07782
95.39642	0.06583
96.54793	0.05938
96.54793	0.05201
96.54793	0.04464
97.69943	0.04003
98.27518	0.05570
98.27518	0.04832
98.85093	0.03357
98.85093	0.02620
98.85093	0.02067
100.00243	0.04095
101.34585	0.03357
100.57818	0.02620
102.49735	0.04464
103.64885	0.05570
102.88118	0.03357
104.03268	0.04648
105.75994	0.06676
105.18419	0.05938
105.18419	0.05201
106.91144	0.08150
106.91144	0.07413
108.25486	0.09625
108.06294	0.08796
107.48719	0.06860
110.55786	0.11100
109.79019	0.10363
109.79019	0.09625
109.79019	0.09072
111.70936	0.12943
111.51744	0.12022
112.66895	0.11469
113.82045	0.15893
113.82045	0.15155
113.82045	0.14418
113.82045	0.13773
113.24470	0.12943
113.24470	0.12206
115.16387	0.16692
117.27495	0.18842
117.27495	0.18105
117.27495	0.17460
116.69920	0.16630
118.61837	0.21054
118.42645	0.20133
118.42645	0.19487
120.72946	0.22160
120.72946	0.21515
120.15370	0.20686
120.15370	0.19948
122.07287	0.24373
121.88096	0.23451
121.88096	0.22806
123.22437	0.26216
123.03246	0.25294
123.60821	0.24557
125.33546	0.27322
124.75971	0.26585
124.75971	0.25847
124.75971	0.25110
126.67888	0.28797
126.48696	0.27875
128.98188	0.30640
128.78997	0.29718
128.21421	0.29165
128.21421	0.28428
128.21421	0.27875
131.09297	0.31378
131.09297	0.30825
132.43639	0.32115
133.58789	0.33221
132.82022	0.31193
133.97172	0.32299
135.89089	0.33958
135.12322	0.33221
137.04239	0.35064
137.42623	0.33958
139.34539	0.35495
138.57773	0.34880
141.45648	0.36539
141.45648	0.35894
143.95140	0.36539
143.18373	0.35986
146.06249	0.36908
145.48674	0.36355
148.36549	0.36908
150.66849	0.36908
151.81999	0.36170
152.97149	0.36723
152.97149	0.35710
154.69875	0.36539
155.27450	0.35802
156.61792	0.35064
155.85025	0.34511
158.72900	0.35249
158.72900	0.34511
158.15325	0.34143
160.07242	0.33651
161.60776	0.33590
162.18351	0.32852
162.18351	0.32115
163.52692	0.31378
163.33501	0.30456
165.63801	0.29718
165.63801	0.28981
166.98143	0.28059
166.21376	0.27506
167.36526	0.29165
167.94101	0.26953
167.94101	0.26216
167.94101	0.25479
167.94101	0.24926
169.66826	0.26953
169.66826	0.26216
169.66826	0.25479
170.24402	0.24557
170.24402	0.23819
171.58743	0.22898
171.39552	0.21976
171.39552	0.21239
171.39552	0.20686
173.12277	0.22898
173.12277	0.22160
173.12277	0.21423
173.12277	0.20686
173.69852	0.19948
173.69852	0.19211
173.69852	0.18474
173.69852	0.17828
175.04194	0.17122
176.57727	0.16999
177.15302	0.16261
177.15302	0.15524
177.15302	0.14787
177.15302	0.14142
178.49644	0.13312
178.30453	0.12390
178.30453	0.11653
179.64794	0.10854
181.18328	0.10731
181.75903	0.09994
181.75903	0.09256
181.75903	0.08519
182.91053	0.07782
182.91053	0.07044
184.06203	0.08335
184.63778	0.07413
185.21353	0.06676
186.55695	0.05938
186.36504	0.05017
185.78928	0.04648
188.09229	0.05938
188.09229	0.05201
188.66804	0.04464
188.66804	0.03726
190.97104	0.03911
190.39529	0.03542
192.31446	0.02989
192.12254	0.02251
194.42555	0.02804
194.42555	0.02159
196.72855	0.02067
196.15280	0.01698
198.07197	0.01207
200.37497	0.01514
199.60730	0.00961
202.48606	0.02251
202.48606	0.01606
203.63756	0.02989
204.21331	0.02251
205.94056	0.03357
207.28398	0.04095
208.43548	0.05201
207.66781	0.03173
208.81931	0.04279
210.54656	0.05570
209.97081	0.05017
211.88998	0.07044
211.69807	0.06123
213.04148	0.08150
213.42532	0.07229
215.34449	0.09318
214.57682	0.08519
214.57682	0.07782
216.49599	0.10363
216.87982	0.09441
218.60707	0.12206
218.60707	0.11469
218.03132	0.10731
218.03132	0.09994
219.95049	0.13005
222.06158	0.14787
222.06158	0.14049
222.06158	0.13312
221.48583	0.12759
223.40500	0.16261
223.21308	0.15340
223.78883	0.14602
225.51608	0.16999
225.51608	0.16354
226.66758	0.18474
226.66758	0.17736
228.01100	0.19211
227.24334	0.16999
228.97059	0.18474
230.31401	0.20010
229.54634	0.19211
231.46551	0.21054
232.42509	0.20133
233.76851	0.22160
233.57659	0.21331
233.00084	0.20686
235.87960	0.22898
235.87960	0.22345
237.03110	0.23635
238.18260	0.24373
237.60685	0.22898
238.75835	0.23819
240.48560	0.24557
242.98052	0.25171
242.21285	0.24557
245.28352	0.25540
244.51586	0.24926
247.39461	0.25847
247.39461	0.25202
249.69761	0.25663
249.69761	0.24926
252.00062	0.25294
252.00062	0.24557
252.00062	0.24004
254.30362	0.24557
254.30362	0.23912
256.03087	0.24373
256.60662	0.23635
256.60662	0.22898
257.75812	0.22160
258.90962	0.22713
259.10154	0.21546
261.21263	0.21239
261.21263	0.20501
260.63688	0.20133
262.93988	0.21054
263.51563	0.20133
263.51563	0.19395
263.51563	0.18658
264.66713	0.17828
265.81863	0.18289
266.97013	0.17368
266.97013	0.16630
266.97013	0.15893
268.12164	0.15155
268.12164	0.14418
268.69739	0.15893
269.27314	0.13681
270.42464	0.13035
271.00039	0.13681
271.76806	0.12206
271.00039	0.11653
272.72764	0.11100
272.72764	0.10363
272.72764	0.09625
274.45489	0.10731
274.45489	0.09994
275.03064	0.09256
276.18215	0.08519
276.18215	0.07782
277.33365	0.07321
277.90940	0.08150
278.48515	0.06676
278.48515	0.05938
279.82857	0.05324
281.93965	0.05385
281.93965	0.04648
281.36390	0.04279
283.28307	0.03726
285.39416	0.03542
284.81841	0.03173
286.73757	0.02620
288.84866	0.02436
288.84866	0.01883
291.15166	0.01883
292.30316	0.01238
293.45467	0.01698
294.60617	0.00961
295.75767	0.01514
296.90917	0.00869
297.48492	0.01514
299.21217	0.00777
301.51518	0.01514
301.51518	0.00869
304.01010	0.01514
303.24243	0.00961
306.31310	0.01944
308.61610	0.02620
307.84843	0.01883
310.91910	0.03357
310.15144	0.02620
313.22211	0.04095
312.45444	0.03357
315.33319	0.04832
315.33319	0.04187
316.67661	0.05570
317.06045	0.04648
318.97961	0.06307
318.21195	0.05754
321.28262	0.07782
321.09070	0.06952
320.51495	0.06491
323.58562	0.08888
323.39370	0.08058
322.81795	0.07413
322.81795	0.06860
325.69671	0.10363
325.69671	0.09625
325.69671	0.09072
328.19163	0.11100
327.42396	0.10363
327.42396	0.09625
330.49463	0.11530
329.72696	0.10916
331.64613	0.12575
332.02996	0.11653
333.94913	0.13312
333.18146	0.12575
336.25214	0.14049
335.48447	0.13312
338.36322	0.14787
338.36322	0.14142
340.66622	0.15155
340.09047	0.14602
342.96923	0.15340
345.27223	0.15893
345.27223	0.15340
347.57523	0.15893
347.57523	0.15340
349.87824	0.15340
349.30248	0.14971
352.18124	0.15155
352.18124	0.14510
354.48424	0.14787
354.48424	0.14049
355.82766	0.13435
356.78724	0.14234
358.13066	0.13312
359.28216	0.12329
360.24175	0.13128
361.39325	0.12206
361.39325	0.11469
361.39325	0.10823
363.69625	0.10916
363.12050	0.10547
365.03967	0.09994
364.27200	0.09441
365.99925	0.08888
365.99925	0.08335
367.15076	0.09441
368.30226	0.08335
367.72651	0.07966
369.64568	0.07413
368.87801	0.06860
370.60526	0.06307
371.75676	0.06860
371.94868	0.05692
374.05976	0.05385
374.05976	0.04648
374.05976	0.04095
375.78702	0.04832
376.36277	0.04095
376.36277	0.03450
378.66577	0.03542
378.66577	0.02804
380.96877	0.02804
380.96877	0.02159
383.27178	0.02251
384.61519	0.01637
386.72628	0.01883
386.72628	0.01145
389.02928	0.01514
389.02928	0.00961
391.33229	0.01514
391.33229	0.00777
393.63529	0.00961
393.05954	0.00592
395.93829	0.00777
398.24129	0.00777
400.73621	0.01145
399.96855	0.00592
402.84730	0.01883
402.84730	0.01238
405.34222	0.01944
407.64522	0.02313
409.75631	0.02989
409.75631	0.02344
412.05931	0.03357
412.05931	0.02712
414.55423	0.03419
416.66532	0.04095
416.66532	0.03542
418.96832	0.04464
418.96832	0.03818
421.27132	0.04464
423.76624	0.04832
422.99857	0.04279
425.87733	0.05201
425.87733	0.04648
428.18033	0.05201
428.18033	0.04648
430.48333	0.05201
430.48333	0.04648
432.78634	0.05201
432.78634	0.04648
435.08934	0.05201
435.08934	0.04648
437.39234	0.05201
437.39234	0.04648
439.69534	0.05201
439.69534	0.04556
441.99835	0.04464
444.30135	0.04464
445.45285	0.03818
446.60435	0.04464
447.94777	0.03788
450.05886	0.04095
450.05886	0.03450
452.36186	0.03911
452.36186	0.03265
454.66486	0.03357
456.96787	0.03357
456.96787	0.02712
459.27087	0.02989
459.27087	0.02436
461.57387	0.02989
461.57387	0.02436
463.87687	0.02804
463.87687	0.02159
466.17988	0.02251
468.48288	0.02251
470.78588	0.02067
470.21013	0.01698
473.08889	0.01883
475.39189	0.01883
477.69489	0.01883
479.99789	0.01883
479.99789	0.01238
482.30090	0.01698
482.30090	0.01053
484.60390	0.01514
484.60390	0.00961
486.90690	0.01514
486.90690	0.00961
489.20991	0.01514
489.20991	0.00961
491.51291	0.01514
491.51291	0.00961
493.81591	0.01514
493.81591	0.00961
496.11891	0.01514
496.11891	0.00961
498.42192	0.01514
498.42192	0.00961
500.14917	0.01514
500.14917	0.00961
